    unsorted:	 20.00000000
      sorted:	 20.00000000
