    unsorted:	 0.3118918078 19.99999980
      sorted:	 0.3118918078 19.99999980
