    unsorted:	 0.3118918109
      sorted:	 0.3118918109
