    unsorted:	 51.36042330 51.49951168 52.54939261 52.73892082 53.53969995 53.73949593 54.56257866 50.52094701 56.01185993 56.53294229 57.36916640 57.87606574 58.82831309 59.29994231 60.07638626 49.08651417 48.53393094 47.89972887 47.74307651 61.12224521 46.53437252 61.69549741 45.76216246 44.99612770 63.25029162 44.27432823 64.35778142 65.06670676 66.00731793 67.28618429 67.93689861 68.15174695 69.33430106 42.93472633 70.25617251 41.80875921 41.44609126 40.32109173 39.81971744 71.79164327 72.58897202 72.96871532 74.36355209 75.68031133 36.96600869 37.19767348 76.90222592 35.75219083 79.04222268 34.11531371 79.77747135 32.49909599 32.12974910 81.33546165 30.66107288 83.65647538 29.74788959 28.11027588 27.45091704 88.17503390 24.01759399 92.89879021 96.23648727 97.71115605 21.08348903 101.8771753 103.0800007 104.1847324 105.5960660 106.4937281 107.8282297 15.71002537 111.7742924 113.2641714 117.8806426 9.558094877 7.880414214 124.2553393 3.066851037 129.4675741 131.9946963 133.6487494 141.6997709 146.0695223 152.1149205 153.3822369 162.3037902 167.4249589 172.5156774 177.1398354 183.8245867 200.7187931 212.9934085 235.6531172 262.9439386 306.2233535 314.7803939 367.3262677 393.6236155 423.0596627 450.5629190 474.7962429 521.6069996 558.1421443 587.6039334 764.6398827 4546.011038
      sorted:	 3.066851037 7.880414214 9.558094877 15.71002537 21.08348903 24.01759399 27.45091704 28.11027588 29.74788959 30.66107288 32.12974910 32.49909599 34.11531371 35.75219083 36.96600869 37.19767348 39.81971744 40.32109173 41.44609126 41.80875921 42.93472633 44.27432823 44.99612770 45.76216246 46.53437252 47.74307651 47.89972887 48.53393094 49.08651417 50.52094701 51.36042330 51.49951168 52.54939261 52.73892082 53.53969995 53.73949593 54.56257866 56.01185993 56.53294229 57.36916640 57.87606574 58.82831309 59.29994231 60.07638626 61.12224521 61.69549741 63.25029162 64.35778142 65.06670676 66.00731793 67.28618429 67.93689861 68.15174695 69.33430106 70.25617251 71.79164327 72.58897202 72.96871532 74.36355209 75.68031133 76.90222592 79.04222268 79.77747135 81.33546165 83.65647538 88.17503390 92.89879021 96.23648727 97.71115605 101.8771753 103.0800007 104.1847324 105.5960660 106.4937281 107.8282297 111.7742924 113.2641714 117.8806426 124.2553393 129.4675741 131.9946963 133.6487494 141.6997709 146.0695223 152.1149205 153.3822369 162.3037902 167.4249589 172.5156774 177.1398354 183.8245867 200.7187931 212.9934085 235.6531172 262.9439386 306.2233535 314.7803939 367.3262677 393.6236155 423.0596627 450.5629190 474.7962429 521.6069996 558.1421443 587.6039334 764.6398827 4546.011038
