    unsorted:	 1.959792019 105.8518722 19.99999822
      sorted:	 1.959792019 19.99999822 105.8518722
