    unsorted:	 1.744032846e-005 0.005781905035 92.00005577
      sorted:	 1.744032846e-005 0.005781905035 92.00005577
