    unsorted:	 2.922640191 406.0414520 32.00000212 692105.9809
      sorted:	 2.922640191 32.00000212 406.0414520 692105.9809
