    unsorted:	 10.75708997 13.44545010 15.16210374 2.613427060 25.20193532
      sorted:	 2.613427060 10.75708997 13.44545010 15.16210374 25.20193532
