    unsorted:	 2.467368353e-007 2.467368409e-007 2.467368452e-007 2.467368539e-007 2.467368127e-007 2.467368089e-007 2.467367972e-007 2.467367927e-007 2.467367790e-007 2.467367540e-007 2.467367455e-007 2.467365005e-007 2.467373064e-007 2.467353546e-007 2.467386855e-007 2.467416518e-007 2.467286586e-007 2.467215935e-007 2.469214099e-007 33.97162293 33.60407198 32.31067203 35.18389779 36.46072747 37.23416029 39.12777701 40.47657625 42.27444126 28.93262534 44.18984871 45.31189833 47.50352103 47.79853415 48.24925697 27.41729360 24.00702787 51.48164461 21.61760176 53.28733412 53.58412866 19.38673184 16.30539507 14.22025368 13.51561938 7.882134347 8.530574835 4.861450448 3.799909904 2.918266186 1.673498215 0.9031862393 406.9156323 405.0297190 402.9927283 400.7254964 400.0050991 410.0966235 409.5997878 414.3011772 417.7201931 420.1614485 391.7504902 385.5898564 382.4095616 437.9709124 340.2770885 453.1625707 192.1069269 218.8862420 490.9762717 517.8388610 527.2919530 246740.1100 1527.018227 106952.7795
      sorted:	 2.467215935e-007 2.467286586e-007 2.467353546e-007 2.467365005e-007 2.467367455e-007 2.467367540e-007 2.467367790e-007 2.467367927e-007 2.467367972e-007 2.467368089e-007 2.467368127e-007 2.467368353e-007 2.467368409e-007 2.467368452e-007 2.467368539e-007 2.467373064e-007 2.467386855e-007 2.467416518e-007 2.469214099e-007 0.9031862393 1.673498215 2.918266186 3.799909904 4.861450448 7.882134347 8.530574835 13.51561938 14.22025368 16.30539507 19.38673184 21.61760176 24.00702787 27.41729360 28.93262534 32.31067203 33.60407198 33.97162293 35.18389779 36.46072747 37.23416029 39.12777701 40.47657625 42.27444126 44.18984871 45.31189833 47.50352103 47.79853415 48.24925697 51.48164461 53.28733412 53.58412866 192.1069269 218.8862420 340.2770885 382.4095616 385.5898564 391.7504902 400.0050991 400.7254964 402.9927283 405.0297190 406.9156323 409.5997878 410.0966235 414.3011772 417.7201931 420.1614485 437.9709124 453.1625707 490.9762717 517.8388610 527.2919530 1527.018227 106952.7795 246740.1100
