    unsorted:	 422.1834935 7.816506450
      sorted:	 7.816506450 422.1834935
